scale 0
00000000000000000100000000100000 00000000000000000100000000100000 00000000000000000000000001011010 00000000000000000000000000000001

00000000000000000100000000100000 00000000000000001000000001000000 00000000000000000000000010110100 00000000000000000000000000000010
00000000000000000100000000100000 00000000000000100000000100000000 00000000000000000000001011010000 00000000000000000000000000001000
summa
00000000000000000000000000000000 00000000000000101000000101000000 00000000000000000000001110000100 00000000000000000000000000001010
00000000000000010000000000000000 00000000000000101000000101000000 00000000000000000000001110000100 00000000000000000000000000001010
0 = 10
1 = 900
2 = 164160
3 = 65536
scale new 1
